431
592
4813
7128
6002
5022
6694
4819
5630
6740
4418
3218
6428
4010
9288
3692
5879
7202
7502
775
9502
5026
4939
5493
2971
8796
3125
5850
7409
9886
8090
9850
3638
4383
9286
3527
4479
4097
5815
4785
4671
8964
2753
2977
417
3492
3654
6827
5622
1602
8210
5446
5080
5036
2291
8827
6727
1461
2259
740
2945
8788
8596
2912
2760
4885
4223
7027
6285
2399
4238
8351
3405
555
876
5248
7710
6683
791
3741
7208
198
5359
651
583
3183
3356
4245
5621
4099
1486
6315
9475
9345
7479
2983
8109
3704
4475
2320
9292
4858
752
9610
1136
2316
5865
2864
5772
440
9780
5329
1415
2667
4602
807
3639
1779
8277
2133
3812
2610
2151
277
2563
7932
4252
9619
7354
4588
9064
2114
1129
3067
38
2927
855
2608
5975
9709
8929
4098
729
3208
3491
3375
9032
6530
1851
4796
6442
9395
6121
5060
1101
9688
9210
4038
2345
7442
9609
6056
1946
7254
1858
6411
7738
7307
7455
3655
5852
5001
4082
5396
951
1393
5819
3996
9906
1247
1191
8175
1630
1341
8543
7193
7546
2763
7613
7069
3096
3146
6479
3139
1850
8768
5878
1692
1360
2148
537
6759
718
1966
8074
6707
876
1881
7568
7598
9908
4404
352
9224
7495
8348
9370
6694
9609
7144
5210
3890
1006
9107
5717
7787
3047
1823
4036
8212
4757
5888
8770
2230
7374
5015
3074
7028
3962
9652
8654
452
6447
9072
160
8922
6521
4655
7805
7232
2182
1634
6995
445
3408
3886
1360
1765
8068
9255
3471
5304
8898
1257
7497
6705
6170
632
6932
6559
1794
7365
4169
8377
6734
3543
3993
502
2086
4303
350
4094
1403
9637
2225
830
7442
9310
4638
7430
2826
8928
3233
5160
6751
7036
1236
7825
4744
3798
6625
2724
8562
196
4792
2006
4843
688
3786
2230
1940
4979
6147
290
6658
2587
3834
7328
7351
1116
1917
5624
5886
4366
3351
7744
3730
8918
5117
9126
6953
7645
6225
9710
3773
726
4
7169
1586
1655
5602
9232
3111
3182
979
4716
1836
2674
535
6399
6723
2329
8811
2437
8669
4642
1805
6472
8262
4927
5549
1842
8192
2989
2809
498
2185
448
3448
1237
5095
1348
8685
3458
4168
5773
2344
2799
719
6762
7292
8442
6650
124
181
7714
9464
8379
9548
1069
6263
9692
1965
7014
6625
762
1282
7947
5533
4364
172
3030
2278
4006
1524
4048
2028
8867
6225
9267
7712
2913
7056
7153
7140
387
516
4795
835
7177
5585
1067
9224
7444
1227
6684
6221
33
6021
527
6647
3811
1388
9640
5944
863
8786
1155
765
3134
9903
1706
4023
7493
3079
3108
1113
3618
5405
3239
6325
2060
8351
8899
1320
2451
4171
5417
9127
2334
7283
4280
2454
6744
2119
5632
6751
8759
1418
4843
5278
5404
43
4295
3243
3987
226
4570
5481
9683
2352
5693
4150
6735
940
5161
4305
9037
4320
4461
6521
671
1563
9769
9316
2097
2750
1536
5836
2227
6581
7539
7193
193
4321
6103
5461
8090
2987
6484
7241
4664
8013
5908
1128
4582
5023
2264
907
4452
9761
7887
106
9999
4878
4336
4992
5232
8651
5401
6761
8591
1980
1746
9920
3680
8456
3419
8121
3608
8867
8518
2591
9088
4696
8670
5657
7851
8695
342
7653
9910
6900
2472
6096
4355
9093
536
6234
7660
6236
5130
9367
1925
8524
4226
4776
6354
1568
8462
8449
6969
4058
658
9827
7303
5826
3545
2072
8184
7603
9318
6937
8253
6538
6638
2424
6271
4050
4158
7327
3069
3418
2247
6299
6840
4480
4612
4995
8455
3426
9908
5555
9122
3542
2453
7874
4094
9219
7231
9512
9105
489
4416
859
3251
3793
675
9191
8088
2405
8207
9609
8239
6339
6130
492
5284
108
9848
2578
4839
9985
1168
9492
3558
7669
1333
8168
5749
7292
8234
7003
3593
5148
8571
448
776
8469
9326
2348
6553
5285
4918
7581
7865
8063
5936
1460
1956
8851
1011
377
3248
8959
1423
1574
5364
8849
5089
6427
9005
4988
3682
9063
3051
2369
4546
3831
6072
6
2273
4122
2278
6099
9823
2463
4029
3758
6353
1291
7996
2196
6583
6826
4246
3411
2094
7956
9703
5770
9685
5843
7331
6142
4268
8371
5898
9862
3208
324
3526
7021
6047
8936
5112
4750
4230
3064
9843
6034
1153
8951
6201
266
5991
6196
5175
8911
4593
164
829
3468
9823
6231
9421
4784
9562
3402
1707
82
1653
911
7783
4555
1876
2509
5470
7500
9745
2961
2795
9765
3750
6254
2156
402
332
5000
9971
967
1590
4013
7041
2224
8739
8413
9101
223
8028
2250
2985
7450
701
7741
4846
8822
1492
1591
1385
3225
8467
1370
2911
5826
9539
3823
941
7704
5328
3276
6127
1317
1188
2112
414
5351
5249
1651
9790
8566
5092
8334
8641
6708
4349
9985
2024
4422
437
4680
7954
2915
9371
4108
1002
1086
1443
6671
4150
4064
1826
7491
6160
6223
9342
3898
318
5286
2436
2284
9978
9028
6938
8538
6223
7162
2633
7555
2302
357
3334
7242
9672
8767
9716
1722
8467
9980
7175
840
225
3357
2777
8054
3398
5580
9638
9506
1835
3695
7487
7790
8519
6589
1477
4661
5470
8780
2772
4603
5968
6734
7966
6488
2554
4563
3371
1604
7582
1562
3755
9254
4188
4041
3273
6875
8354
8299
1032
6379
9273
8302
6680
286
4007
980
4939
4140
369
6644
6252
7559
7905
3060
7480
1742
9869
9772
2047
9265
7640
2190
8730
2224
7107
154
5784
8911
319
7008
3633
6226
4790
2545
4886
6096
7572
7212
4537
7581
5528
2624
462
5809
4913
1565
9689
8011
1099
8806
9754
9707
9797
5381
7425
6101
6221
3317
3085
3015
7703
3576
4153
4736
2606
8800
447
712
3250
2645
8097
671
9346
9835
1244
9322
2094
875
7501
9369
7301
783
6167
6300
3204
3241
8222
2364
8157
9541
9881
8998
8096
9599
8466
5029
7691
194
846
5859
7687
5793
9338
9326
7432
426
8288
1224
2110
9564
4951
4302
7952
7429
9693
3062
1779
4097
3894
7752
8555
6193
9270
827
9750
1142
819
9178
6230
2891
7260
308
4351
6891
7969
1125
2658
3567
190
9690
3463
7363
5257
3023
2868
163
7682
9606
3741
8575
7955
7650
1531
8401
4122
344
3880
7514
3955
4905
558
1513
6900
7601
8661
8140
1843
2904
4944
940
975
6573
5260
8912
142
1031
2338
2756
7209
8849
6239
3078
4191
6092
7860
1576
3093
1115
8821
8926
7198
8875
3094
1085
6236
1086
6862
1625
7649
2118
3125
8078
4117
981
2764
8815
3761
3809
8809
5344
2549
737
6599
1868
4073
7594
2345
3635
5816
2032
2820
66
7458
2629
4564
5181
3758
9722
5796
7334
5373
1071
6681
9939
5920
8268
2813
4208
8319
791
4286
8694
6220
5023
1116
5129
9336
4999
5550
1401
5241
1148
2307
2175
6958
6738
2219
1081
4456
4276
9883
563
3802
4457
7791
607
3189
7331
7312
1237
7374
4771
8831
9780
2212
5363
7341
7243
8289
1548
760
1812
7651
8783
4783
9653
4355
683
5642
7377
6119
8860
5411
5824
2193
1650
8446
1063
678
9083
1900
8408
2150
6460
9592
2256
1354
5889
5603
8864
1085
1860
9163
1764
9953
286
2875
2117
7750
5279
5770
1030
7420
3545
3
6107
6815
6366
8134
7224
6340
8632
5761
4185
7792
4051
2058
6967
1201
3276
232
1780
2364
2567
8073
8999
6370
509
9542
8050
6532
9918
2732
6478
7842
3566
4619
5574
2913
1862
8637
5878
2248
6476
1565
2155
1844
1746
1778
3309
7930
593
530
3272
8413
3373
7177
7108
8752
2723
5822
2634
7324
8368
8696
7219
9140
2293
7682
8497
903
203
8723
4769
9492
9505
4839
1277
6418
5220
2236
1958
786
1456
9648
4378
1176
1724
6975
4943
7512
4647
6729
9972
7517
6395
9860
8530
695
3054
5211
6751
3639
1004
8008
5414
220
7472
5271
8643
7646
6845
4263
3066
1069
7122
5891
7662
9483
1941
7794
6486
3001
3382
299
4412
8166
3968
7589
9051
2796
7114
5642
498
4755
2259
5817
5349
8866
9951
6682
1181
7437
160
4242
7106
113
4268
3090
9506
1297
422
1510
6537
4673
7753
6207
400
34
8376
9438
5600
5465
9803
4043
9590
5205
3605
5105
3271
3790
4641
3000
7928
6390
8470
1423
83
8704
9121
6463
105
633
6686
4206
3656
5290
4596
6974
6205
3319
3534
6479
9845
5342
9509
602
3385
2663
7746
2133
7670
4466
7224
6239
9202
6522
8388
6598
625
4559
6886
5329
4077
9935
3454
6742
1911
1682
12
6145
5728
1954
5527
635
2360
9645
2249
673
5406
4812
7338
3365
1241
8958
366
8015
1866
639
7554
8868
6638
6808
1322
3455
2291
3620
5669
5502
8540
8178
3194
4997
471
4805
5504
3157
1568
6713
7848
447
5081
5041
9405
7554
3941
206
2724
4971
5211
8841
2854
1054
4374
7339
7412
4659
7678
642
8605
5139
8943
1164
1133
9169
1740
1606
2009
5536
6574
7524
6150
4305
8497
2696
8483
4016
228
4906
6625
3196
9397
3363
9723
8716
9924
4470
8541
84
8471
2205
2661
6534
4905
3419
7069
4454
8572
5303
8886
7077
6724
4922
3998
8547
3599
4977
1405
6945
6730
4067
1899
8527
7246
7809
7239
8123
7633
1278
7471
2056
9742
1782
7181
7762
4832
7892
4972
9236
2373
384
5814
6135
1713
5241
2376
841
7812
2809
3901
914
897
5286
1969
3966
9382
5070
9416
7129
3517
2150
3570
8142
4715
6986
8185
6121
305
1773
1484
338
7572
5139
6313
9484
9474
2641
2286
2059
6816
8795
3389
4908
5051
2369
6463
9932
4036
4880
8654
9462
798
4122
4085
6736
5210
1249
5413
3014
4607
1122
5713
5126
1749
2895
7066
6063
6017
9753
5764
7053
3082
2040
3474
8700
3891
4798
9738
3783
659
4106
7843
8682
7038
1425
6311
7800
6650
7351
7621
2261
5561
4029
8964
2204
4253
491
1738
4511
8497
6895
4976
7186
6759
5128
6502
2641
3667
5657
4604
4073
383
9664
2522
5896
1553
4502
7565
137
680
2354
5608
159
6240
3548
9345
8206
220
9992
4024
7878
588
1398
1636
3691
2985
9891
3445
997
2971
3661
3323
1637
6392
2333
8380
8857
5301
7275
1927
8366
2982
2542
3632
8974
9441
4929
7864
7240
7109
8025
7995
7857
3399
7807
6464
6417
2003
3866
4652
9278
7266
4309
993
7580
5772
290
8680
5159
8084
950
4374
6988
8665
2759
4053
9685
5768
9313
1409
4190
6804
4856
3466
8959
942
63
6485
7337
170
3933
5872
3784
2372
4651
3899
394
3013
3871
1261
7535
9811
1105
3671
4257
2722
2050
7699
145
7708
3136
9642
3981
2262
9215
2667
3385
2184
5928
1664
5445
2302
6523
8522
7765
6566
3025
1877
8676
3630
537
9876
1508
7618
9210
1344
9109
9772
8430
6164
2517
5666
1518
780
3633
1449
1176
8046
9058
418
5939
8110
5348
9465
6512
2579
8029
187
8764
2767
6360
9717
6785
6215
7217
6995
9161
4035
2414
8117
8386
9313
5852
5353
5723
3694
5679
8021
1520
135
9309
4875
7158
9305
6782
7366
2563
8734
2708
7511
5693
1754
7822
7876
2346
9139
7641
9890
6669
4795
5061
5996
118
7368
1191
1199
1580
6793
9241
9439
7854
5692
5834
2601
5987
287
5905
6224
7179
5818
4000
2479
2915
6643
2263
1935
6093
4010
9555
1939
6865
3744
598
4856
1049
6032
6028
7777
9478
8963
9043
2707
125
955
2303
9061
5186
1902
1912
3007
2673
5687
1530
4283
9158
6272
3286
3501
1184
2403
2695
2338
6408
188
9214
5270
5216
6605
7669
3561
8843
6788
5769
2291
7813
3004
3614
4356
6462
4162
6675
5535
6999
7927
347
8618
4800
8366
5292
5282
7191
8931
5209
2214
6482
7222
7508
6666
4379
3368
113
6734
7601
1587
8807
3819
503
7525
8237
617
4802
5148
7562
5427
8296
8979
8342
2094
2621
6194
3184
3234
2869
9727
5115
4922
4718
3057
5395
1048
1331
5492
7775
3315
9060
9843
21
3001
9383
7620
2742
2634
6206
6099
4303
5998
964
7682
5350
3683
19
9651
4260
1932
6605
168
3510
5147
9870
1367
865
1458
816
6818
1829
5733
2142
280
5196
3551
1186
6382
5324
5652
3308
1951
701
7877
9350
8315
33
7183
2470
126
7754
2137
406
2168
5056
5851
4695
4225
4805
2300
1177
9691
3728
5275
7861
5887
138
9404
6089
1239
2116
7626
4156
3725
6445
410
9456
7589
5512
7003
6891
8261
8442
3434
3973
7185
630
9953
4223
347
4823
1935
2100
6470
6811
1893
7339
8691
7898
413
5010
6791
9608
3087
1050
5537
7598
7568
7496
6787
390
801
1329
7676
2740
1605
7484
852
1233
3172
1267
669
9120
3576
4540
662
9992
2846
9725
6897
9424
1177
5980
1872
9434
6195
5264
7370
1005
6974
4189
1687
3433
660
9586
3740
6848
6916
4008
193
7921
421
2504
2070
2779
9751
6611
398
7568
169
5146
7128
4438
1879
6167
1272
5532
6914
1482
2395
8668
958
3549
6463
5558
1473
1247
6473
7003
1539
2807
4808
427
4971
6907
2995
4644
9517
2168
8353
9253
7946
6405
102
9599
8951
8571
4809
6254
7374
7492
763
5608
3
6393
2500
2282
3713
5026
4149
7367
3244
7226
3567
4513
7138
5964
9845
3954
3481
7879
2427
6213
3106
5416
5688
5617
7880
8212
6486
789
7149
8517
7751
3357
7720
1146
4609
6206
6381
549
6266
1334
1021
5623
7958
3292
5940
8171
2244
6720
8965
909
2371
6454
379
7663
8281
7451
5444
1984
1676
8241
9035
5339
7409
6942
5639
4995
781
2318
6452
328
3600
8550
7754
4770
1811
418
1698
1612
940
3076
8448
2381
7353
8886
4881
2294
3594
8188
753
2257
8409
6798
3869
9597
1679
6271
2302
6389
971
8537
5930
2060
2955
3553
8207
8759
7235
5908
2446
8889
5460
4252
1212
7977
1735
9039
5111
6767
6333
4745
5676
317
899
5375
2571
1766
4892
3940
7765
9037
9340
1827
6700
6511
3010
659
2293
1397
2334
8736
6179
1763
5843
698
9736
6684
8655
1455
530
8341
9955
9600
1270
8384
3021
1177
6235
7431
8032
3924
6237
5694
7070
8064
1459
9676
402
7982
7298
3068
7794
7308
22
1300
8452
8947
5714
8009
8838
6325
5294
4192
9457
9632
3176
5396
392
3080
4662
4350
2179
8016
8419
2541
7134
8544
53
1832
2309
6058
3090
4543
1720
6152
7213
9668
6162
2948
488
7724
6773
9494
5026
6674
5587
7834
3842
5678
7593
8011
7693
5531
5357
3388
3830
4485
3600
6419
2511
1579
2410
1073
1701
6579
3612
8457
4609
780
1012
3689
6937
359
9505
8949
774
6511
4811
7899
19
5495
3519
6016
8377
2988
3481
3177
4987
3926
3273
769
7353
7040
3764
3217
4592
8830
8852
5276
1540
5440
4602
7162
7599
3346
179
5312
4990
6981
7424
1128
3277
6036
3166
5119
5322
4102
3458
2134
8280
1353
9460
8566
7295
3064
992
208
9425
1328
2240
6143
1980
9081
4215
3606
4498
5689
4183
8103
9565
7063
9444
6323
9652
9048
6417
86
6619
373
2141
6489
7759
3487
5865
9595
5805
1728
4399
6266
4736
349
3224
2055
780
29
3382
684
8840
3878
5580
137
822
502
8041
231
7229
5499
6873
9504
814
6824
5142
2447
723
5544
4213
2466
7230
5242
3151
2671
9147
6180
1104
2188
8041
7826
348
7744
3135
9972
3192
4465
5384
437
1793
673
4930
6548
2252
2867
4207
5751
4608
4902
5760
1282
8329
5808
6193
1955
8355
8271
4970
1860
7366
1372
325
5820
3881
6266
4705
7025
2632
4857
3111
2732
1582
5486
3173
3482
4539
6924
8564
6429
6392
5374
7931
8906
650
2091
6211
6193
8797
4902
7553
4647
1018
3390
6245
7002
3040
179
731
8065
5730
2449
6318
6860
7744
7789
8522
6400
5996
6749
6590
9732
8944
3729
3343
7409
6472
7128
6195
556
8737
3831
6215
3766
887
8972
8175
2214
5273
9785
6017
1647
7041
2926
2158
2467
3387
6327
8018
9629
6947
2352
8788
6058
1501
7380
1802
4834
2869
8297
6678
7600
7523
5460
8280
2663
7311
4300
6156
5283
4146
7004
1109
6952
6503
3494
964
6794
8723
8991
3917
5322
4323
4395
7455
503
8194
2991
3854
5980
674
2103
9540
2408
6084
4314
4958
1476
2494
9630
3764
8443
9993
6030
7742
8906
7117
2200
7864
5691
7590
753
1803
9841
2433
5231
9102
4240
3001
8866
7240
4046
4407
3713
453
7482
4398
2390
2682
596
1532
714
2493
9499
5491
8987
6243
2465
9966
6954
471
5731
8121
9495
8754
784
8884
8688
3250
3312
9790
8543
3606
9280
1958
2414
434
4780
4272
4615
6070
7919
5023
5776
2643
2030
886
3048
5936
3618
2749
3997
635
1997
7090
4704
3250
5918
4186
2584
274
7435
1849
2641
2829
5714
3461
6492
866
4422
1189
6244
9216
5081
1691
3220
790
5716
2314
7462
9998
5973
705
1160
2080
6430
4092
2383
7528
5987
3178
7283
3581
6170
6590
4597
6022
6151
4055
7073
8874
7346
3788
412
8164
1119
2545
5205
3764
6223
4842
9153
6882
5268
9557
9929
1404
7445
8086
2454
7414
4713
8560
12
3874
9309
1620
2337
552
3389
3320
440
6551
5539
1190
9576
5082
2688
220
7884
6530
9915
5443
9363
1976
7602
4963
6271
7946
9590
8158
161
579
9272
1905
3514
6240
5742
6085
8103
4930
4727
1983
4307
7059
2682
2754
6370
6707
8026
8222
763
2830
6540
7407
4786
1721
3730
3476
3286
171
8084
4550
9203
6965
8951
9187
4998
6272
3058
1135
2185
8745
5742
3248
3030
1726
8472
2061
351
6423
3130
6000
2772
8867
7926
8509
6814
625
9779
1909
6005
3576
4284
1643
587
7844
4495
7882
7106
8232
4176
1339
9305
1745
4252
3201
9996
6524
6022
6177
1385
4739
188
9274
3464
164
4
6470
8619
3598
2324
8104
3560
7957
8375
3143
1692
338
5110
4511
6930
7217
5503
1202
6664
4573
3185
1187
9457
6927
4123
3702
3831
9674
781
4569
7181
9226
4952
3155
6508
9987
9611
286
5624
8819
6490
9099
9190
3518
2280
4975
1614
5483
6867
9857
9763
4511
9879
3736
5152
7743
7400
5671
2726
3492
2111
586
1348
2747
4609
8421
5039
4789
2025
1483
8550
9550
1103
3621
3862
9718
6731
4547
3485
1740
7341
6711
7668
8067
4756
4501
5417
4576
6249
8374
6951
939
1440
3227
4310
1162
9659
4388
386
5388
8036
5971
1653
7447
4834
1329
2661
1300
833
9228
9216
5951
8194
7467
9872
2430
7101
2668
7458
1622
2310
6211
6128
9851
1222
177
1467
6783
6484
4556
3090
3896
8074
8029
5368
9735
2059
7636
418
2065
4086
138
8189
5056
8046
5536
4198
3046
8166
8831
9194
539
1119
2840
5105
9151
5859
1142
790
7919
4467
4100
4086
5006
2967
9719
7146
6184
7922
2962
982
1362
7948
6184
5809
2467
6561
8768
1088
6554
5184
8152
442
8225
6364
6371
9925
7192
9598
7042
4580
4463
2243
7974
3320
3312
2869
1902
9466
8831
8449
7223
1668
5866
5272
544
3925
996
7052
6216
7179
6373
3932
4252
6839
2322
2610
2374
6797
5051
6473
4334
2407
4137
6586
8000
8270
6465
579
2308
2865
2139
7588
8774
2179
2
2563
6565
3208
2041
360
3890
5057
4970
4275
5421
443
257
8355
8738
7586
7978
6596
7055
4907
6742
9329
9701
4842
2186
9719
3866
9908
6657
8979
7389
2037
1421
8603
9343
8833
3600
1578
7744
3070
5275
2143
8330
1896
1125
9123
9401
7721
5736
4890
5308
2556
8178
9290
6095
2095
586
3265
3103
9040
5586
8530
1982
3290
3570
9534
766
6045
8508
8405
9871
8944
9406
3644
8202
2777
9268
5848
3902
6773
9430
3612
8854
6145
6794
7890
5059
3443
8852
100
3947
9623
6838
7973
2398
4914
5149
1281
788
48
1287
4085
2131
8368
2449
587
3066
3767
2454
7725
1910
329
2936
3289
8634
5791
616
8181
1483
9283
7997
8907
2372
5743
4471
608
3805
7928
1323
8756
2895
2044
7074
2530
5437
6083
3073
5796
7031
8344
259
4235
6780
7985
5546
3007
968
2393
4696
9880
8818
4126
4987
4767
1183
5410
4387
8768
5168
1483
5663
6903
1832
1074
5022
4807
10
2119
747
499
4896
4073
2428
7437
8596
5998
5563
3324
8557
8205
344
5493
6844
8
1699
4308
4973
5185
9618
5186
2258
1737
4642
7069
1100
7227
3420
5363
8879
7255
5566
1507
3637
9045
4832
7992
9750
3155
2788
1363
6887
1932
7309
9770
6625
7017
9730
1424
4047
9737
9932
2823
8826
4415
5045
4786
7059
8465
4459
5819
2849
9354
748
4221
6624
6412
3524
628
6139
4294
6647
8776
5748
431
4897
2381
5876
7569
9044
3408
3803
181
7134
8554
7984
1637
6542
330
2558
2024
2228
6920
5469
3504
3459
4901
1348
8493
3275
5539
2425
9439
8894
4941
9223
5379
195
1513
8821
4760
6793
5773
8599
8258
8856
897
5259
72
1771
5691
335
3168
4538
2263
9269
3411
4624
7837
6912
1408
7709
4016
2161
6748
9203
9656
6232
3590
8845
3042
3057
7794
2749
3607
7467
3030
436
3102
6020
9601
8617
9977
2131
4738
1607
3907
3142
8007
64
2032
872
781
7861
7412
5405
2953
853
8688
5972
2801
3431
8561
33
928
5829
7250
7756
5715
2606
8002
7908
1984
306
6905
7851
5307
6567
1848
2813
6370
3804
1783
5204
1760
662
370
15
2075
2262
7585
9616
9745
7080
9836
3529
890
7996
8161
7436
3001
8388
347
9076
328
4440
9321
37
7759
1461
9043
5560
9810
7953
2530
630
323
1123
2346
6890
9645
8777
2013
4284
2637
6815
5063
9315
6493
5210
917
7766
6727
6695
3083
5643
6089
6370
3433
1264
1865
6817
4049
6597
7032
213
5451
928
8180
8800
965
4856
831
6117
4645
2247
715
6201
1016
5035
3185
2186
5419
9886
6521
9293
5560
4836
2897
6763
9837
8538
3810
4205
4010
1731
9907
7604
2162
8445
9365
2404
9958
3315
6781
1567
3401
1530
2385
9755
6809
302
7176
8168
1154
7728
8628
7982
3828
3339
8024
5691
5548
3808
5896
5968
2757
6043
6329
4704
1999
2285
1973
1660
5792
7911
2192
741
7586
3879
1762
3781
3630
5219
9212
3187
4822
6652
3562
7489
935
4516
1868
548
6843
382
692
4399
8204
801
2689
3662
4427
9287
1872
8733
5544
551
7224
7618
4974
2778
4694
1449
358
1107
9361
5346
3675
8400
4640
7728
767
5797
491
832
4875
4805
6854
4962
7300
5632
6110
9434
1551
4462
3055
4761
8337
6257
8223
4585
8050
7076
8875
1948
7816
5436
929
8154
8505
6211
5806
8349
5096
5206
8112
9098
4532
3723
3056
5028
4647
2838
670
3049
4643
7968
7705
4543
7975
8074
407
7122
4242
5491
881
7066
6436
1314
5883
8246
2721
1717
1222
3413
3334
3883
94
4499
5458
5692
4283
9189
4019
557
6577
4247
8848
5426
640
903
2835
4628
1070
8841
5743
8240
2110
5674
5631
1100
7216
76
9162
748
4719
8379
7785
9861
6339
4430
3029
8150
2578
991
5325
526
6462
5776
1959
5186
4663
9348
3468
2498
6898
9729
3210
8159
465
2153
8847
1309
4450
5704
9139
9214
5517
5173
9405
9294
6793
7562
8341
8788
8054
4360
5784
1740
7288
7282
5193
6943
4570
2844
1357
9747
8914
3832
8551
8951
5676
3242
3524
2877
7593
5197
3918
8661
7634
2453
5774
8678
1222
7025
5566
5536
5906
2059
7889
5384
1523
3181
4129
2042
4175
7298
3774
1112
7255
9923
1801
8806
8382
1675
6512
4961
4479
5979
7825
8392
7550
1615
8424
6693
3062
1052
7648
2267
853
3946
5608
6763
6212
4219
9140
1035
3967
6095
9
5183
8399
2418
2944
6362
6387
4789
6833
8991
3852
6602
6853
2962
9594
9484
6916
7492
9045
284
135
5362
38
6663
7545
3572
7276
