4603
6540
3213
738
7245
7667
73
9724
8621
5158
3223
113
2617
4247
4502
2242
8356
5448
1386
2483
6561
2038
2377
8350
7102
9823
3556
1728
9048
4317
9675
5853
8660
6089
9177
5732
4162
2689
6194
5411
5972
3052
3202
6345
7842
5854
2414
5391
7897
5626
5560
464
6550
8796
664
3513
8180
9405
6317
6226
7770
7929
3670
9492
8676
3216
6348
8423
196
4683
806
2667
8081
3900
3267
6399
531
8469
8206
3522
9300
3916
5206
8432
3172
2136
2502
7935
8895
6523
7899
2694
3037
7811
7758
2282
7823
6186
6434
5913
4535
3567
576
136
7452
5266
699
6027
5105
4581
6775
4982
8798
3423
935
6001
2313
8895
5172
5881
7568
5279
12
8638
6264
1839
4567
1163
2179
2788
5805
4247
4116
3789
5895
8402
4253
1506
2850
3868
9450
1439
8698
3935
9384
2358
9964
2175
3806
4612
8039
6122
183
66
6467
7917
6806
2409
7088
9519
1985
9646
7097
2320
191
2829
7998
5597
7055
2235
1508
2197
3811
5524
7256
848
6704
7587
6988
3406
9185
3316
5658
9460
7191
6905
6672
2865
4871
8560
2553
5995
4034
2785
9725
3533
7383
2547
3854
4392
7681
9227
867
9590
3515
9878
1482
8892
7565
5200
3238
6507
4397
6090
1832
7528
6008
1498
5143
2142
8862
5450
3030
2394
7389
5408
3133
5994
7833
3230
7306
5500
8144
6154
3974
7156
7645
6736
8903
7979
7834
8595
6131
1954
238
6369
1394
7504
7469
3338
4361
5381
7866
7519
5646
5505
4340
1269
9916
7646
4377
5565
7648
558
1271
1600
6821
7709
2396
4929
8228
3615
4674
3749
9153
701
3734
3345
9379
5012
3688
3465
5146
7632
2226
2292
9652
4634
9452
5989
6476
2865
9853
7900
903
4758
6665
1074
4465
8145
5968
5288
5450
7712
2007
6870
6931
4160
2696
7383
2577
3022
7943
7024
5868
3191
3115
6153
5183
2707
9960
5480
6561
6195
8314
1327
4125
808
7283
6894
9055
5283
2381
6313
8951
4305
6507
5697
3811
6840
7347
5865
648
2653
3523
245
4361
646
9704
993
3103
8015
2303
1211
8604
7741
7558
6966
6915
3863
7168
4612
3130
7151
3967
2205
4402
6856
8402
3576
4167
7379
9246
1948
9256
2933
9353
938
6735
2053
6234
1545
6850
9284
9601
3312
8767
9712
2107
3138
347
3583
4199
3026
5803
7762
3402
3149
2730
3982
653
5797
2634
7699
4711
8691
7552
4206
9861
9462
1630
6420
6407
8132
1797
756
6181
6170
4932
799
2884
3533
237
3555
326
501
2019
7659
9231
1448
5656
1340
547
1983
282
4785
5900
2915
9288
3412
9312
9500
2014
5258
6930
992
1852
3092
8009
6637
8052
2263
840
2413
4003
8641
9844
1462
3096
1757
7863
9778
9430
3798
4786
2398
7771
8353
6871
7743
2766
3044
418
747
8958
831
2856
141
409
2100
7019
5498
8810
1665
8586
4544
639
5925
9965
6948
8412
3169
7499
7887
4114
8226
9931
9805
7149
771
5405
4493
596
8403
8402
6562
119
2934
9987
8413
591
2811
2896
3927
1482
7000
8864
3760
1291
3089
3534
1049
8092
4910
261
923
6175
7485
5624
6738
4507
4129
4861
5574
8497
3845
527
4335
1443
6847
4141
3283
7128
4960
2154
1074
764
1824
1499
4849
9603
9203
7801
6163
9836
4393
1792
2233
3022
3006
1217
3385
3163
4113
5278
5514
6955
4461
2460
9943
1659
767
8299
8116
9976
5465
4385
9645
59
3660
8469
9108
9242
9258
320
2061
2242
9492
6386
4797
7377
8666
1472
4075
5484
3298
212
7332
918
9624
9892
8765
754
5617
4926
4820
2971
2205
5028
9419
7636
1897
2760
3265
8204
2910
5505
7608
7057
5114
8108
7078
1860
8593
4323
7085
6860
2968
3378
1556
2373
9915
4343
7142
835
7482
5546
2889
4116
5656
701
5197
5348
1477
5151
8385
7767
7759
4631
3719
9991
1429
4278
2320
4334
6379
7390
38
3746
8111
8134
3943
7922
5833
2398
1382
4075
6774
7833
2944
2861
1326
9467
8629
5761
1394
3633
8806
7048
7161
5678
5110
5697
2584
7463
6782
2187
4229
5841
9249
42
6169
5830
1121
2322
5966
9624
6493
9036
5077
7704
8021
8506
2083
955
4366
4101
9322
3190
6976
9899
2458
7042
1313
6305
6305
4024
1569
83
8507
6020
6355
1289
9640
9035
3534
1571
9910
6434
3302
7973
1867
1395
2179
5679
1172
8067
7450
2139
1948
4954
1172
2975
5218
112
7714
6785
1221
1564
4451
6352
8956
8353
6491
9857
8616
3393
4084
2856
1578
5797
7877
9914
7422
3405
9026
6077
488
5455
2098
8700
7602
1936
8759
7589
2568
7882
9252
4488
5438
8469
2327
1957
124
3921
50
242
3084
8324
9858
8447
9314
5674
1404
1658
504
9174
328
1483
1179
3048
560
950
9736
7397
7248
7939
4109
22
454
1387
6960
1061
4884
6442
2043
5365
7802
6268
6627
3147
891
5446
8442
5949
2423
2512
1872
4790
7304
9929
6926
2777
2196
2102
2564
5102
7336
448
3692
8755
5506
3365
7350
4333
4377
7853
9839
2377
5603
7977
4654
6675
6593
3532
2928
1487
992
8910
3180
5550
1321
5467
8122
9554
4101
5390
953
5555
7514
3483
6779
7972
1900
1663
2346
5702
8043
6346
5890
3551
6682
5257
8304
602
3197
4178
3027
2259
3198
320
3720
5724
7399
1787
1756
6564
2397
8849
3193
8448
511
8211
8947
4243
2601
4161
5752
7819
7183
5551
4945
3000
7868
4303
4729
1506
4
3513
9935
5910
7484
7780
880
3248
4104
1616
5416
3713
9416
1853
4434
7894
8272
7605
8928
976
459
9080
4584
2613
2975
2685
724
4804
4887
5572
6312
2793
8172
7319
5126
7034
9730
6224
6250
9823
215
4178
7403
55
5976
7329
5738
761
5385
3347
4334
5322
223
6741
6465
9671
5273
6994
3655
8932
218
1946
2798
4359
6094
5829
2570
513
3744
12
5108
9414
2485
2816
1306
4760
4228
4775
3828
1019
3749
6888
6769
1633
112
3100
6150
7871
5416
2188
8321
822
6763
4697
7305
4195
4363
1839
6625
6071
6723
1150
3175
3048
9858
3969
1090
5400
6844
6022
5121
8028
5173
1071
6378
1502
7590
9276
9827
2675
4571
9424
6668
3109
2511
5247
1246
7796
5129
2094
6665
2798
1293
228
5538
4053
9605
2478
7587
3328
7999
5569
1574
6178
3725
6174
3367
9183
9496
973
1916
6675
403
1248
8273
5497
7641
2943
4953
8082
1870
4052
5575
6748
9068
3224
9741
8595
9198
5762
8778
9685
7133
1106
7796
3414
5813
9094
1624
3616
149
987
7565
3137
2825
2084
4743
2295
6865
6045
6921
8843
7735
5810
6209
7204
5998
36
5213
3742
7476
1658
7333
5053
3473
3106
5132
9954
8676
508
9713
747
1075
5339
819
4154
2963
7762
2664
6294
4413
6315
1645
3111
7477
9478
8860
755
1864
1023
8467
2903
5339
7099
4791
1983
5039
2797
5033
7228
3608
2327
5297
5532
9303
7852
2401
5402
936
3764
9948
460
8375
8127
5986
4409
2351
184
2195
5388
1791
261
781
1312
6103
8469
4787
2523
3680
792
3163
968
5771
782
4125
5787
4683
3443
2249
6201
1320
5395
9959
7505
1927
6068
5547
5813
3697
537
9589
2453
7862
6496
5056
839
2874
9341
2731
5256
6344
5978
8540
7945
2728
6290
4210
4673
9503
6461
9064
5411
5040
1368
8805
5008
1390
5982
1577
9956
6917
9231
7044
1891
3096
3195
6724
6906
7639
6269
7802
9622
3544
7829
8053
5730
2843
9130
3344
8855
8440
3588
8219
9112
4297
8816
1127
4203
9616
4966
6752
4224
4119
2532
5263
261
7746
4182
379
1939
9769
2218
6016
446
4602
2805
7250
7410
7688
6287
7629
1701
2072
377
5382
6349
3640
6908
392
3395
7508
1994
5305
8172
4961
2052
3243
9047
7042
4695
6748
2631
9735
1898
2469
4377
7269
38
2358
7943
9825
6070
1166
5518
7539
2727
6259
1082
7900
8105
8230
4901
4204
608
9915
2617
1178
8553
1139
2509
9989
6203
2903
5160
5925
8060
2490
5086
6398
1406
1174
5327
6334
1116
6481
496
3736
5654
2154
9751
9468
9490
1692
9973
1829
6991
3045
5746
7578
899
3414
4888
8972
6640
2908
5657
9154
9248
6265
3063
7706
1523
1453
2509
3368
5021
5019
5725
4372
2963
8757
5164
5352
3461
5570
6827
441
3087
3015
3668
2176
2595
3720
9139
1264
5396
3880
1863
7001
6489
9789
9237
1696
9745
4330
2234
9285
8944
6915
7446
389
3140
8867
5967
3503
8728
8936
2992
8377
1124
2685
2615
4901
2353
1671
9031
4304
9960
1362
2397
7840
1640
3722
1583
2423
7751
3296
6618
6320
9369
9988
9211
6279
855
7136
8181
4486
8005
3674
9678
3030
5479
9462
3185
6274
1551
3218
6029
287
3090
3783
5860
455
3728
7321
194
6131
6993
3793
6753
4239
5024
6995
3049
8115
6098
8115
9404
8324
6938
4891
1182
2937
1776
5421
9477
6555
3434
1030
5009
5018
473
7330
3721
9534
1042
5520
6687
8323
1235
828
9249
6062
3833
9180
7832
681
5653
5157
916
1815
8090
8789
161
1749
583
4376
119
4578
7866
2644
3700
1785
814
8640
349
4675
2685
1531
8434
1887
6074
8963
5139
3345
8757
2016
3652
7117
9421
8652
7511
4958
1969
3659
1609
6234
9231
3566
4777
1679
1721
2557
178
4647
8828
1075
8060
5488
3075
6598
6098
9737
2687
3319
6101
5170
9559
4119
4061
54
7689
8318
8487
8612
9710
5091
413
9506
3778
6739
1835
5604
2900
1975
1965
8417
5452
644
8437
516
6453
2711
9453
9192
2925
8418
7159
3821
9650
2264
1768
611
4982
6060
2166
31
5337
8753
3706
2980
1508
322
8575
1849
1949
4743
9507
2897
865
3783
8009
9795
2538
7485
5190
8466
5147
2874
3399
3282
2174
8471
7240
7186
2566
8578
5843
946
9424
9184
5336
4009
3080
3918
5329
2727
2314
803
2620
4002
6973
1775
9217
6010
6672
4890
1247
9398
7457
9484
1059
1568
8221
6436
8631
6500
4662
2371
5294
1026
2983
9284
703
8458
7302
4705
8653
4701
5158
5430
6012
8162
3231
4537
3538
2533
2599
6607
9275
9016
2438
1997
2020
922
865
9059
8890
5808
479
2775
8477
8500
6078
1915
4334
1649
3770
2353
4494
5137
1414
51
4218
8881
7070
153
6566
6578
6824
6163
4645
5496
572
5265
7689
4254
6252
5741
6295
5062
6488
8259
2389
7241
5963
5574
4149
7741
6826
8296
329
2888
6108
2015
5970
770
136
7797
6077
3485
6816
5446
2791
5916
7262
1122
379
2930
5169
3376
1283
8881
3372
542
8505
2762
5277
2153
4062
9845
2863
374
2435
7917
9677
4403
5379
4166
3131
3707
3063
5638
4346
2902
4403
3688
8017
9931
8395
6289
7163
254
7768
8179
2923
3006
6918
2764
6798
7391
6770
5667
4282
1864
2306
5794
8943
2656
2374
2473
8596
4335
4476
2289
5088
9566
7502
5785
4045
2740
552
9766
1095
4904
3452
939
3123
4779
9532
3261
7619
8070
1823
7189
2627
5404
5176
9350
5241
1703
7963
2957
4284
3054
6011
8395
9696
8137
6824
9798
4348
2760
9469
5431
96
8292
1
7830
2886
7070
8613
1394
4382
5513
49
4153
5013
5406
9383
2909
7385
4204
445
2277
8746
5857
9028
1920
2612
3684
8767
132
5362
8550
7942
221
3561
6614
6627
3187
5061
4232
7683
8122
2334
1790
3011
397
7351
3718
9456
7758
5009
4121
2083
2459
5564
5287
4165
1786
2271
1190
9343
3140
4171
1815
6287
6260
9489
4836
2860
146
9118
7704
2829
6318
4182
4932
6378
3794
5287
1549
5297
2404
8809
9365
6321
8994
658
8480
7424
7375
7561
7956
7782
4848
4007
3600
533
2196
1356
6830
217
8757
6901
7882
567
2211
8715
5977
8386
3154
6088
7022
4476
2309
8282
718
3747
3205
2541
5454
2084
4216
1974
5914
1473
426
6
1079
8381
1380
3395
3569
799
1493
1777
1407
7084
5551
6187
4364
115
8265
6686
8286
6041
4925
1739
6530
5103
6227
1819
8032
2398
7923
275
1479
6630
4188
1593
4035
533
3407
6457
8806
8715
345
4129
6481
7808
7686
9805
1405
3588
6003
253
6654
9005
2973
8276
4921
6041
8172
1020
9782
9929
6480
3989
9582
6357
7375
1011
3501
4424
521
9925
9231
2865
9215
6669
7728
1069
8378
7963
8878
9475
9027
379
106
3087
3901
6697
8380
2277
1869
1578
6336
1790
30
7746
4797
4302
7295
2303
8315
5033
6603
6542
2094
2203
5393
9499
6826
8090
9576
2494
8946
6915
684
515
8872
1348
192
915
5191
2729
2259
2761
3693
6406
952
2950
1095
9425
7550
3471
2644
6045
6915
3701
8666
9181
1944
8104
6422
7718
7186
5331
9636
5897
6092
2309
8242
5097
8914
2646
2360
1724
6017
2236
7332
4050
3420
9893
5192
5296
7427
5139
6024
4903
1070
1879
6209
877
5759
1223
776
1705
2696
2082
7619
2744
300
4627
6256
8799
1024
5778
4669
6463
1318
6446
1794
362
2616
1441
2597
2889
4774
7866
1826
3876
3117
3140
5393
2493
3836
9577
771
5314
9816
5386
6258
4258
6518
5081
9220
1377
6445
8627
5165
9561
8790
5635
5326
1557
6692
9877
5108
8382
8940
5162
831
9097
5399
897
4799
6581
973
9015
345
4213
450
9930
185
3375
6161
5131
3571
8030
4928
5391
524
9392
9431
2336
856
1510
1402
5589
645
336
514
7496
5607
1186
1328
4943
5094
5885
4644
4503
2294
6860
9755
6937
2178
5236
7801
1557
5033
116
14
4259
8973
7621
1736
6558
2396
5986
1635
9883
2406
1110
7451
3060
3344
5339
9852
3064
7617
7976
3842
1549
2285
208
1884
413
7313
3824
7396
8400
5576
2242
4507
6692
2858
4400
3227
4563
7540
1145
5208
2583
2284
2199
8412
47
8776
5034
3150
1651
3534
7032
1145
9835
4001
3160
5915
6145
8238
1603
721
9586
7003
1939
9175
4002
2837
9470
3610
6906
517
9365
3286
37
3693
7746
1996
3517
539
9124
4960
3983
6469
3427
792
6625
8925
2990
1913
268
1614
4262
7844
9858
7913
9644
8542
6495
6519
9768
134
1768
5817
2621
2091
3295
9425
2145
9950
664
1511
8397
863
4163
7076
324
515
448
6552
3068
6545
6610
8238
4749
2697
7818
8433
9701
2561
9096
5130
4780
782
4279
926
8078
6997
3339
6438
3232
577
3859
2147
6841
9505
934
9889
7410
2254
6126
2069
5358
4605
6703
8438
6574
4446
8857
6060
1639
4151
4436
8970
5121
3916
1257
2091
2382
4590
2022
1421
1498
1748
3945
654
5769
6247
9337
5127
9643
8893
3758
9134
2985
1573
8882
2179
7351
8275
4057
7275
8489
1873
9161
5965
2456
1119
5446
5184
3701
2954
5195
4361
2167
6318
3745
7603
8793
9546
2202
4818
2551
214
7591
4420
3870
6843
48
4767
6869
5572
5835
9374
165
9331
259
9554
4657
1345
4051
1387
4125
6549
2450
4831
2210
4934
5275
243
4884
9914
8718
3775
5881
3042
6980
6389
7290
8637
2477
5420
6989
6867
7467
6136
5599
233
536
4155
5751
4849
8882
125
3831
6324
5832
4817
6908
6384
6314
2860
8985
5365
9588
7722
8890
8038
5592
8044
4265
2471
4307
5143
1918
7723
7956
9596
6260
4813
9378
15
6633
5080
5551
1830
5942
3254
2954
6882
8284
9906
7460
4938
1795
3272
3189
3610
8313
1052
3080
426
8245
9290
716
2116
8359
284
5452
1075
6103
20
7006
2322
583
3769
1700
8885
6793
5637
5439
3676
411
3943
6237
2433
9471
9151
3826
4836
9340
9023
6852
4206
7039
925
7327
278
979
9853
3233
1441
6691
3431
6601
6731
4491
2987
4442
4432
9990
8324
562
2025
2657
1539
3380
5390
6965
1956
4735
2523
7269
4262
5161
3881
6036
1486
5853
5540
8617
9997
8299
8153
8383
8365
9698
7620
4689
2584
8049
9498
9572
4194
2225
145
3144
6406
2241
8260
208
4224
6096
6000
5811
4498
9303
2320
8372
3780
8389
8331
8225
9165
4231
8544
2280
4169
4719
3484
4876
3392
7970
1900
3075
2967
278
9922
7342
4767
2788
2485
5053
6182
1164
6583
4877
3599
3548
1717
6768
6096
5649
3268
1269
1208
5915
7296
3352
8124
5967
2604
1054
1721
9189
9047
5839
5435
2166
5047
7179
2468
9353
5213
5619
7877
5349
1253
3922
8240
7264
7438
831
8611
8377
9096
1550
3139
9710
9330
8294
5845
1581
7593
1439
6359
6186
3238
5011
4482
3475
5787
3280
3345
9229
1939
455
7032
6885
8119
1793
9934
7838
4556
1413
4615
4941
1980
712
2611
838
1981
7117
7639
5521
9765
9983
9217
1029
9761
7505
2709
5316
7970
9540
5311
1704
2488
8612
5304
7384
8760
7737
5019
9991
5183
545
5571
352
7805
3198
5113
1245
6106
8385
1453
8837
119
3843
9627
109
6131
5486
7605
8914
5824
5079
8909
1930
562
3355
8070
3115
3250
5485
6007
6824
7027
434
7010
435
7231
4505
857
2332
7333
5547
1634
4507
1121
3013
9892
3608
3171
9686
6182
8015
1109
6872
4355
1130
2269
8888
17
7697
1965
5456
731
961
8784
8324
8757
1712
9388
1555
9232
8217
1090
6873
9324
7110
8007
8112
2754
5559
7991
9255
5698
8075
8553
8128
7681
150
656
592
6374
8471
6721
4413
1951
9714
6968
801
1133
9812
5252
2461
2636
3350
6862
8645
9042
3402
3506
2335
9310
1889
4783
6642
6431
6450
8144
8227
6908
4302
4628
4621
4555
6185
6185
4606
7415
9447
1157
9693
1401
6655
6371
1119
4951
9321
3317
8207
395
8668
4749
8790
6952
4331
5259
7882
363
2531
9457
5720
3684
2250
2166
5373
8656
2045
54
5448
3439
9820
186
855
1699
8203
3604
7071
7096
2033
7489
7296
6689
4634
5225
9458
7528
5429
7618
6022
3052
8574
5091
2846
7933
1965
8992
440
5348
869
9339
4818
8467
409
35
1975
7868
8248
2446
5315
6472
2061
5659
261
2091
4097
8979
