5620
2872
9098
6029
710
2175
2480
4369
7832
6135
2080
3958
2489
6621
7336
1754
4945
5008
3367
4233
9903
8413
2251
6165
6594
2554
5773
3185
4745
9313
3895
8381
5716
9255
5222
5919
3987
5373
3173
3507
8577
6553
4526
3026
2536
552
55
1840
8022
1869
3385
2116
6673
3924
7765
9616
2680
7996
4934
5010
9541
7662
3757
5220
9685
3673
5144
4187
7097
3722
6308
5182
2374
5344
5791
2156
5339
8799
3111
6091
5743
9588
9505
5203
7972
6071
8850
5327
364
8028
2458
9274
9101
6379
5631
4337
7072
8329
6240
6645
1312
897
5001
7769
7694
6460
1197
7984
1819
4387
3491
196
200
3900
955
2389
1599
7598
3487
2159
2107
2125
2306
7583
5294
1820
3421
1576
9118
9612
8684
7384
7368
2415
2638
435
5342
8074
5508
8575
1686
1029
9235
2037
1170
3814
6844
4493
2848
7249
9019
9596
7092
7553
1486
9048
8712
5732
3729
8901
4316
8525
6906
7834
6748
9543
2634
6563
6486
7532
2619
9949
3635
2804
3522
8315
5419
7012
7453
117
5392
3838
7368
2442
5489
7724
5710
8123
5569
9987
7767
2418
9310
2704
1119
8064
4547
596
6012
2776
4929
6864
1846
7615
6779
6677
8314
5427
3631
538
4027
5624
8945
3958
5379
96
9427
3096
6164
9998
1103
134
3976
8959
3082
7563
8345
2967
7331
3773
2096
2821
5519
8225
958
202
206
925
4342
9213
1725
8951
6753
7468
2963
1094
1650
2533
4570
882
2633
2605
4488
6415
7189
4512
1246
6477
2128
3136
8730
1047
7232
9246
9916
5865
4002
5274
5780
2320
9762
6464
7395
4650
1504
8731
232
9499
9555
2183
5672
8368
5403
9127
5144
2290
8392
5243
234
9458
71
8339
9945
9461
2368
5918
3865
3422
8015
5760
8330
7049
4394
6640
8683
1494
1546
3896
5093
3592
8051
5152
7538
3529
7326
4925
6137
1451
8865
6530
2518
8255
2437
7345
5724
6754
4023
7251
8462
1042
9232
4444
4662
6957
3557
2834
5383
1001
937
3104
9797
7239
1734
942
8398
7501
7018
1561
8471
4931
5591
322
7863
1537
6125
9959
69
3008
2686
7117
7364
3596
4785
9381
5931
4122
3048
5280
8420
2998
5877
1010
2197
8294
6633
3236
8151
8363
1671
3292
2087
1274
9122
9852
3347
7831
2586
6127
95
5443
9436
8854
3322
3992
9803
8321
9286
7423
2060
4564
4101
7768
4885
1252
1357
7900
1674
3293
7604
2461
6452
4429
6736
8005
347
358
6613
5459
9168
3329
4781
2730
7805
8342
6507
4267
6753
9699
3511
8424
1874
1662
3558
7238
3884
4654
9203
8602
2765
3308
9218
3765
2073
3524
6195
9831
215
8979
7296
7995
7434
7971
3123
1173
6705
9785
3710
5393
4341
1659
9373
5683
7225
4587
17
3566
1460
1868
7202
206
3046
2063
200
1318
947
731
5258
2026
6817
2466
9547
5180
5640
2292
1368
3168
1821
2545
7101
8456
3145
2875
9905
3570
3189
9541
184
2984
9362
2399
4874
6763
1444
5016
7790
6362
5126
221
4452
5803
8698
6575
7265
8630
9946
9304
669
2799
6097
84
3659
1714
6549
7580
1098
4537
3365
9804
8622
2424
1751
9791
1838
3473
2502
1191
9947
1623
4548
9058
85
8622
207
6717
7974
389
2401
2104
7852
6604
7024
7425
9657
6985
1098
7873
1887
8414
4350
1691
3329
4561
8748
3583
9101
3138
5194
2250
7801
1136
8860
8873
432
5776
1138
2857
1106
4571
3695
9063
5407
7634
6771
3534
3692
8660
1266
5873
5921
4795
6448
6113
8437
4547
3803
1402
9644
4946
5403
3095
5803
6407
3195
272
7508
7543
1019
2802
4394
8483
1995
7908
8766
1588
1925
6197
8667
8506
4060
5781
355
2250
822
7770
9045
3135
877
7869
8182
195
7833
3125
2382
5580
3116
8545
3305
1091
3166
4171
9666
883
3414
5362
1579
1822
7457
7239
8864
515
7557
2614
6972
4777
4486
4500
8343
7457
4076
2024
6533
7119
3413
7872
1043
3261
6958
5058
5964
5187
7098
9096
3136
3796
1736
5504
802
9455
8210
6886
9990
3716
5271
8743
1005
7322
1622
2864
4799
2397
4007
6299
2660
5227
9410
8132
5965
9066
3291
1950
6937
4538
717
250
4385
5256
9790
7184
2599
8329
7784
7192
1959
260
2088
497
8579
9331
2517
2328
776
3050
6861
4206
7709
8124
7620
4643
9696
2412
6477
6824
1471
8785
7747
8012
1954
3143
4045
2774
5556
5896
2996
1308
7068
6315
934
648
2509
3092
49
8229
5872
1250
4019
6118
2295
2785
5625
5787
9652
9058
4266
939
4303
2149
4786
3069
6640
3230
8545
1863
795
1997
2959
3970
409
8301
8114
3410
4924
561
1091
8884
6741
3104
678
7574
8303
5585
7400
48
8408
3762
8729
4411
3446
1231
177
2314
6894
4979
3476
4244
4124
5533
2571
3970
5200
3365
8974
1634
1391
3793
4645
1000
1863
9771
4516
7917
9270
6029
3663
7321
7318
235
8851
433
6122
3679
8049
656
4279
3750
8825
7660
2552
3053
6729
6975
3972
579
9165
2491
7630
8987
1536
6177
1083
4853
5680
1051
3586
1752
923
2814
8854
6055
3776
3342
1377
1838
5749
5432
8317
4031
8671
949
347
7327
1019
6573
1622
3080
6232
2573
8586
2933
6281
1065
210
314
2662
3262
1124
6953
3141
1071
5784
1483
6946
2825
8926
3929
8340
4051
4402
4999
8831
2982
7152
8454
9457
9095
4329
5757
2941
1055
5381
2496
9432
4608
6999
6914
4166
5152
196
3245
1916
9429
8561
6526
2749
4064
6222
373
1258
7979
6903
659
1967
1869
530
1454
5585
7976
6650
5626
427
8962
5676
3515
1950
1706
5118
9687
5810
1782
726
7805
7244
6495
1640
1740
144
4163
938
7568
44
7673
1698
4235
988
3282
928
5089
5150
4216
3602
415
4595
9431
2461
9205
3577
7169
4834
4925
793
7544
6162
3910
1940
8840
3146
2602
4421
1457
9706
9756
667
7775
5159
516
8043
1758
4098
6892
1135
3183
7638
8889
8319
8343
9117
2517
8888
2260
7622
8642
3615
6180
8119
6909
9687
5011
1985
1788
170
3135
2367
4007
6723
3072
2122
9469
4134
3956
8208
4375
1627
8416
587
3159
7751
7737
7798
9828
2492
77
8308
2143
5482
9376
8661
2943
6881
9552
9475
1124
8973
1219
1762
6553
123
2296
728
4210
7060
3504
7703
9106
4684
1673
2588
8768
1159
8287
4489
9265
2523
9751
3973
4006
6768
7173
4319
3197
1779
2735
8404
2982
1510
5545
5829
1005
5831
4431
9042
6204
727
2863
4869
807
601
8970
850
6655
5360
4383
439
9472
589
6652
1388
1015
5085
832
6630
8336
6917
3721
4602
4624
7706
376
9979
5039
5123
5473
989
2320
9667
8319
3253
3325
1593
6308
5507
3243
1431
5570
1289
1774
8556
3271
4954
7786
5572
8872
3878
2712
39
2520
7395
6879
2851
1252
9420
9550
5252
7961
8184
9774
2514
2886
403
6717
1260
3446
6308
5049
8335
9401
6481
5720
9173
6163
7106
5800
6121
971
151
589
6446
2878
2019
6135
6822
5340
3791
2619
746
5415
3417
894
2897
7046
8708
6174
9890
5885
9445
6002
4062
595
2548
1295
7529
9542
6379
4107
7759
7678
8682
5944
4527
5435
1915
5763
4008
7230
8990
9240
9738
6616
6935
9887
8276
1679
4206
2981
2022
6102
4058
3923
2273
787
8766
5505
7355
1277
4324
2309
5519
8640
2451
4583
1264
6613
9526
7799
4186
4836
2434
9594
1035
9026
8289
6375
6949
1731
6701
5888
1148
9670
8
13
4947
6437
264
2854
4705
2256
910
7854
8210
3681
9733
8848
6214
4328
2239
8311
6754
7393
5125
6895
3186
2728
7074
9779
7184
3775
6769
6692
1480
9988
5755
6113
6114
375
4775
2320
8209
2348
1079
9316
5671
931
5874
5570
9282
7942
1942
7370
4093
6447
6900
6132
2714
6140
7568
5578
8372
7270
7526
5404
6422
1270
5470
4078
1608
9508
3689
8747
4036
7988
6873
4690
3653
8060
3916
176
8649
8101
1584
905
176
8427
5993
7681
6076
8219
3802
7131
7789
4823
10000
9555
8570
9113
1508
4769
5494
1793
2628
6910
467
2312
9719
8364
1190
9441
2623
1431
8184
9777
306
8347
4773
9824
3714
4982
5798
9724
370
4255
4443
4250
3697
136
3311
3100
4426
6880
3485
6354
1116
31
74
7637
95
8440
499
8135
1538
9118
2769
7731
8172
5462
3673
9247
3348
2804
9253
8215
1838
4414
9837
6144
884
8003
5655
7335
710
2590
2961
921
4770
477
1223
4074
4652
4008
2304
8980
9104
3614
4749
3088
1982
6738
6078
372
6141
10000
7467
3669
3542
8800
7842
5369
8580
6165
5313
2960
9986
6389
9010
1028
2036
7618
850
7068
4985
7539
2617
1037
862
9696
2716
2771
5844
9564
8955
2220
6102
4542
2048
81
4886
9958
5875
1300
1797
9771
4819
7770
9304
6845
8823
8485
2336
788
3161
6407
7831
9773
3931
5881
9668
52
3207
8600
9283
211
7070
9899
2914
3655
4053
5847
1516
2389
7277
9506
1092
3843
3554
4460
939
9599
2122
9
8263
2415
9076
1395
6235
1175
1381
8136
7827
6265
4689
2139
4291
4060
2240
1575
9377
9963
4260
5694
8423
8526
9977
809
4900
4495
6078
6208
3283
4395
2879
3714
1841
739
4182
3635
6456
431
277
1189
9424
2778
2756
3112
8547
9888
7728
165
7502
4888
3523
1070
1930
6611
819
8133
6235
9310
2836
7183
4888
2643
3794
16
3894
2937
2164
6692
2270
1844
396
5942
3080
4790
4159
8961
3497
5309
729
7613
3624
9433
4392
2020
2776
3461
1078
8039
826
9832
3040
3512
3661
6896
4914
4507
4521
1069
7607
1753
9074
3570
3114
3736
4262
5725
9284
2540
5688
6916
8964
3655
1697
5032
6545
4425
8910
7708
391
696
331
464
8132
8138
2505
1323
9858
5671
1677
6417
5072
69
4528
3312
3326
5366
4878
9520
24
4043
5722
8348
7562
3746
3540
7475
6915
2551
2651
2335
4799
7984
6066
4577
6301
8705
6865
8332
7955
4679
2506
8267
6283
4144
73
5267
9535
2819
5716
2835
6723
8188
8474
588
2352
1960
4769
6400
5455
1893
3543
4515
8020
7407
2859
6182
7059
9688
5351
3649
7
319
1338
1118
435
4991
8905
5585
2394
2939
7726
9331
1075
3064
1306
4986
3141
6071
6437
2614
5632
6128
619
9297
7962
9410
2101
2947
9318
2726
8227
2600
969
60
6709
9228
975
1262
7615
9232
8103
5640
9527
15
5205
4753
6078
3999
9506
9264
5211
9060
9392
4453
5989
8746
8056
4901
634
9260
5151
704
6901
3582
3246
4080
5501
2803
9714
7328
9097
4463
5281
9251
9930
1049
4566
1477
5940
81
6053
1512
2836
7825
9802
1904
451
860
4276
3339
8348
664
6748
8405
9188
6013
1549
8208
5069
9867
5967
9766
6091
2994
5935
9303
7782
6007
7118
2329
8665
2220
8006
8934
1229
8699
7948
6354
9502
4454
4921
4611
6950
6167
9385
2800
10000
5828
9964
2480
7724
8729
8046
9532
3307
6128
9987
9927
624
7217
5017
6980
8940
1019
8108
4013
5068
9886
2540
6599
3899
8758
8782
109
2804
3949
7
4597
3600
4237
7146
6806
4575
9945
9402
535
8523
2137
8841
3573
9509
7830
6630
1976
9719
2741
651
8900
7354
8121
1085
5350
9582
3017
9657
1650
1675
8337
3608
5496
7949
6440
5673
1908
1167
6911
5487
708
9569
303
1667
401
7020
8895
4014
2944
2084
4889
2782
3398
2603
4000
9178
765
7887
4963
5988
1554
1618
7958
380
5210
2100
2926
2490
5028
9721
8183
6038
9939
9434
4329
658
8246
9299
2425
8376
3553
9839
7128
2884
9604
9174
8065
5948
8923
464
2217
4166
4902
6098
8898
6526
5385
373
2495
6315
377
5976
1888
4502
5526
5326
5820
3575
1377
3642
6035
379
9659
707
1547
3833
4920
232
2154
4496
3246
7563
7166
3403
5878
252
4732
5991
3661
1276
7342
32
1872
2763
3712
9456
9916
