3831
7520
70
5565
5991
3742
3956
3253
8762
15
9006
2102
7810
8170
6556
7937
6007
8265
8799
1370
8613
181
6437
7524
5101
2588
6446
7056
3804
1122
2829
1587
5059
9310
6732
8148
7437
8134
9473
6203
1836
8268
6252
6037
511
1236
9356
5678
3867
2383
3484
453
1169
2904
5136
6725
3940
8990
6372
4086
5366
6547
9951
1572
9411
1714
4278
5738
3923
201
2367
8696
7883
8855
2039
2524
6588
4194
9615
8024
6180
705
9745
8288
4509
8920
6363
122
5959
6206
2037
4507
5029
4409
1472
6028
1442
1005
1697
3366
980
5679
3550
9185
63
7701
7785
4834
3276
5558
671
8944
3420
7326
4828
8398
1822
4838
1961
9956
4924
4396
5845
1991
7062
9144
3534
3134
167
5817
6897
3758
5148
2156
6774
4425
9482
9195
5264
734
5332
6894
8252
3795
1464
7457
7817
1640
1064
2318
5393
2575
9791
242
4658
9235
6124
3193
5133
2868
5369
8981
6205
2302
2764
8170
7972
9857
8209
5230
2596
449
4442
3189
6834
7789
6965
4426
2055
6446
1304
327
6989
1823
7653
3578
4694
6705
4673
9354
2353
2912
100
9675
7335
4774
1732
5071
7875
4330
7555
908
2501
7292
6171
8574
9799
4097
4513
7561
2379
3362
1452
2113
1779
7645
3620
7212
1430
4887
5787
1931
4986
4865
9214
7342
5339
1372
5132
5629
8593
8081
252
1259
6369
3589
3426
2129
1355
560
7879
306
2772
7286
8439
9482
5105
948
6851
8248
6340
9622
2415
8049
942
2069
5193
3235
7750
6175
6080
4872
2111
798
2445
945
5607
3324
3318
1624
1694
5270
2426
1944
191
2278
9623
474
5140
6078
3984
6560
8508
127
5277
1233
7402
5703
7261
5462
4220
5592
4917
510
1285
1763
2539
3153
9064
5813
3336
4016
8760
347
4365
3784
8573
2165
2639
8321
9532
3965
7284
8606
8592
2235
6685
3415
9207
8920
3432
5641
5632
7385
8636
1547
3625
697
1864
8252
4003
6462
9540
1886
3986
3843
1833
6787
4175
1331
2209
9551
4016
7323
7941
9877
7023
5147
1617
71
9090
5353
9639
3075
2984
5052
8843
6004
6514
295
1837
4131
1785
8000
3300
4929
1896
6384
1730
9885
7387
1735
2154
5084
1609
9009
557
850
6125
1915
452
3795
1165
7693
3822
8995
5056
5996
5767
8315
38
1140
8533
4106
9949
2413
5412
8479
7493
7588
4962
3265
8760
5460
2237
2842
2923
8687
3064
7017
318
8903
1495
917
9455
349
1456
4003
4463
3636
2091
9587
3783
4636
9174
5108
8658
6824
2823
9026
6262
5985
2709
3370
4869
9530
8433
6450
6862
7656
3395
520
2749
5723
5944
7328
762
8209
7611
3293
208
1388
8105
7911
7015
6849
1786
1768
669
4895
2969
7663
1366
6981
746
6004
4641
3457
6750
7537
604
300
2327
3165
2242
3394
4458
4704
7447
1242
2655
9018
7771
9250
9082
627
5813
5942
4362
3572
9518
4126
4694
8446
5181
8150
8460
4679
5326
3024
7868
1722
7381
5397
6992
807
6915
920
9587
6603
5464
9588
5897
5557
1954
2647
8818
4909
1379
6539
5503
7739
9667
6861
9720
8230
7765
1410
9209
5244
3177
2206
6931
3036
2841
4078
992
206
6680
7372
3645
971
3245
9223
9772
8999
866
6649
7027
5884
7877
4868
1244
8367
6394
6525
260
2356
8214
8459
3512
1222
5219
4623
5552
6497
2985
189
3
2812
853
4794
7172
5955
8434
5364
8831
8352
6097
9812
850
5890
7460
4724
8851
1160
5623
5392
9576
5501
7655
2081
5179
3177
6843
2906
4100
3420
9294
4330
3287
6283
215
4673
6667
2935
7026
5476
4308
8361
9352
7947
1561
6476
5238
9335
5417
7312
3745
6519
3083
737
6140
3226
3128
8087
2114
9041
897
6367
8690
9630
4643
1776
275
4518
2683
4849
7376
6632
1203
2359
8291
8792
2945
2376
3887
5070
9494
2346
1590
6152
3930
5799
4153
6954
5439
4468
7878
5736
3026
3127
6699
566
1177
40
6519
5292
6044
8389
633
12
6611
1016
5710
6670
1929
640
6483
5954
8536
7390
7588
4641
1286
5037
7797
8035
4313
8094
5193
9369
1515
448
9582
7387
1365
6962
490
5921
9290
9438
6008
8897
8671
5389
5428
7279
7780
5626
9552
7966
3139
1463
1770
3080
9555
1889
1382
6435
144
1180
5296
6399
5585
1979
8932
691
7686
7784
4653
1653
2747
2053
2023
7873
2085
9022
5920
9085
2160
5704
7088
7225
854
473
4506
5350
1014
9170
9829
210
3352
5296
6357
5169
2907
2163
2155
1670
5901
2573
6767
4394
2070
6951
8639
1978
9154
4459
3035
9685
9822
3487
8594
1102
8362
9590
2184
8946
4180
8973
3804
291
2862
6824
31
1902
7317
9979
6708
1619
619
4198
6413
814
3204
4215
6445
2108
1818
7566
8228
2383
500
8862
8427
4096
9931
4761
9051
1861
9748
631
3318
6859
9373
5498
6446
5152
2004
2798
3607
2989
8918
822
6723
2485
4123
8627
6615
2401
9581
5322
7161
8667
404
7837
2703
3869
1829
2314
4805
6413
6252
8666
2288
8945
2908
524
6073
8226
9931
1575
9144
6537
8580
6174
795
6089
2379
9378
5458
9257
8509
8268
9645
6878
1892
8592
9286
2236
1508
1025
779
9910
2385
7823
9764
4344
946
34
1253
9192
6768
9213
9779
5947
3756
4744
4747
381
2601
8599
9560
3870
3045
5221
6577
7316
2945
9172
1002
2828
5095
529
3060
6397
4422
7344
5188
8177
1713
5534
7886
7795
1680
5936
3963
7008
645
2597
8034
4016
1724
4590
9483
7899
9077
5484
2335
9443
4277
2597
6080
3345
4779
1609
690
9420
6996
6657
1719
8290
8078
5964
9358
6329
1364
9959
1293
5216
7627
7569
4340
3269
6190
1093
2047
9158
6527
1800
3868
6946
9017
6750
7645
5012
996
8644
4320
9994
3977
6640
2058
7688
5856
270
784
9369
9077
8084
5615
4316
1378
8963
8394
307
1828
9947
3458
6911
8861
9100
703
7808
1559
6379
4260
5027
